Id,SalePrice
1461,133979.48
1462,155455.11
1463,199264.34
1464,200887.34
1465,185772.45
1466,185730.11
1467,183756.5
1468,169788.47
1469,176207.78
1470,125005.164
1471,177868.12
1472,98655.195
1473,94451.875
1474,144408.9
1475,119678.16
1476,352831.72
1477,235775.55
1478,317257.1
1479,327960.06
1480,438764.84
1481,385182.8
1482,204944.28
1483,177257.33
1484,172220.0
1485,166845.88
1486,193482.02
1487,361947.88
1488,236803.56
1489,199893.39
1490,232568.2
1491,192235.19
1492,107579.09
1493,203048.25
1494,292210.66
1495,283661.7
1496,258940.48
1497,189786.05
1498,161637.61
1499,163408.72
1500,161902.5
1501,176583.6
1502,148696.16
1503,290148.25
1504,231999.78
1505,233494.94
1506,220287.72
1507,258059.89
1508,212887.78
1509,175762.36
1510,150607.72
1511,148437.44
1512,171264.8
1513,136193.38
1514,139328.5
1515,202023.17
1516,147186.38
1517,151176.72
1518,137956.19
1519,197722.89
1520,135653.48
1521,141169.31
1522,161984.97
1523,114008.305
1524,123622.58
1525,117778.21
1526,110681.91
1527,100616.08
1528,138027.78
1529,150253.66
1530,163876.28
1531,119406.37
1532,99564.086
1533,142690.28
1534,123325.13
1535,144085.36
1536,116890.74
1537,77724.72
1538,138391.44
1539,159815.72
1540,111389.695
1541,133680.2
1542,130440.336
1543,207146.66
1544,74693.08
1545,109132.53
1546,129964.016
1547,127302.914
1548,126695.03
1549,114445.68
1550,142880.92
1551,117681.766
1552,131958.94
1553,154803.42
1554,120093.87
1555,181680.45
1556,100727.35
1557,106330.82
1558,92093.86
1559,88067.734
1560,129629.555
1561,154549.11
1562,126694.19
1563,115290.734
1564,154866.92
1565,147343.53
1566,215768.34
1567,72611.27
1568,247368.69
1569,141651.03
1570,138659.22
1571,119435.18
1572,147332.86
1573,213930.83
1574,120327.4
1575,202678.72
1576,228664.27
1577,197835.86
1578,153748.2
1579,141288.78
1580,192286.53
1581,156697.98
1582,135841.72
1583,293779.9
1584,226656.39
1585,146127.33
1586,71999.22
1587,95853.875
1588,157170.02
1589,90109.98
1590,132374.12
1591,97161.25
1592,114306.61
1593,121013.97
1594,125138.04
1595,110803.15
1596,239004.55
1597,200801.72
1598,203749.66
1599,158709.69
1600,158294.75
1601,67503.164
1602,123913.66
1603,77027.164
1604,262491.25
1605,210878.62
1606,158591.06
1607,154899.86
1608,232455.12
1609,188725.14
1610,171268.72
1611,141491.3
1612,173974.11
1613,166800.22
1614,132230.16
1615,90867.84
1616,78632.83
1617,87964.99
1618,126561.47
1619,126527.555
1620,190676.1
1621,125559.664
1622,142979.61
1623,202512.56
1624,203888.45
1625,112133.87
1626,160534.89
1627,193319.89
1628,259806.73
1629,180151.61
1630,351422.97
1631,211022.47
1632,239422.27
1633,166065.97
1634,191136.89
1635,183471.25
1636,160153.83
1637,214277.34
1638,177182.78
1639,201156.7
1640,275148.06
1641,194792.84
1642,242226.03
1643,211995.52
1644,219647.27
1645,208920.7
1646,165777.02
1647,157077.72
1648,143490.9
1649,136987.2
1650,113553.86
1651,124223.305
1652,95459.69
1653,98782.3
1654,149922.58
1655,143359.88
1656,139725.03
1657,145899.52
1658,145052.39
1659,122925.07
1660,144368.3
1661,445426.25
1662,391332.16
1663,406964.2
1664,454167.75
1665,308418.6
1666,319724.03
1667,398883.88
1668,346811.44
1669,296870.94
1670,343221.7
1671,275747.53
1672,414618.22
1673,297666.72
1674,249396.81
1675,200616.44
1676,203234.22
1677,220708.7
1678,487616.8
1679,402895.9
1680,371922.22
1681,226844.53
1682,310910.2
1683,182843.3
1684,173733.7
1685,179828.9
1686,174056.42
1687,159520.45
1688,190852.02
1689,196972.88
1690,186943.66
1691,170902.58
1692,265568.94
1693,164601.95
1694,185382.39
1695,165403.22
1696,288499.9
1697,174882.38
1698,408032.9
1699,312942.84
1700,244720.48
1701,267348.53
1702,250459.62
1703,268490.12
1704,283908.78
1705,227411.83
1706,457134.38
1707,214613.97
1708,205983.58
1709,265913.38
1710,215553.0
1711,249690.25
1712,273866.34
1713,300061.44
1714,237624.53
1715,209756.61
1716,196292.55
1717,171698.83
1718,145353.44
1719,194167.61
1720,231184.12
1721,170350.3
1722,128692.54
1723,165977.61
1724,215367.25
1725,234168.39
1726,195901.5
1727,165505.47
1728,180669.33
1729,164492.42
1730,159021.8
1731,119665.72
1732,132279.86
1733,119586.99
1734,120117.35
1735,132405.06
1736,116250.4
1737,306583.97
1738,223249.89
1739,298233.88
1740,238914.31
1741,202333.98
1742,173334.36
1743,172738.31
1744,292718.84
1745,223588.03
1746,159908.72
1747,216386.34
1748,230083.72
1749,168697.7
1750,130915.66
1751,225790.39
1752,123204.164
1753,157656.86
1754,188280.2
1755,175070.61
1756,120543.91
1757,119377.9
1758,154342.45
1759,147964.67
1760,167144.02
1761,125239.76
1762,183563.66
1763,173570.58
1764,124712.95
1765,157290.88
1766,168928.4
1767,192091.7
1768,146573.27
1769,162510.75
1770,136072.38
1771,126057.586
1772,136455.73
1773,122640.06
1774,143362.2
1775,136992.56
1776,127974.234
1777,106225.0
1778,136469.14
1779,122973.5
1780,155169.25
1781,138680.38
1782,84639.45
1783,151285.31
1784,108375.61
1785,114685.29
1786,167680.62
1787,158406.95
1788,51764.88
1789,98138.234
1790,75291.336
1791,186282.5
1792,143061.72
1793,121397.27
1794,145311.03
1795,135366.06
1796,132984.02
1797,109496.79
1798,129345.28
1799,111543.516
1800,131653.11
1801,122521.99
1802,132445.1
1803,147104.42
1804,137836.78
1805,137039.47
1806,113385.266
1807,116179.016
1808,116086.21
1809,123212.16
1810,149593.38
1811,96775.71
1812,100048.48
1813,122106.72
1814,91720.65
1815,65020.16
1816,94650.34
1817,124774.1
1818,139242.69
1819,133543.86
1820,61102.574
1821,107581.15
1822,161225.47
1823,45774.113
1824,124740.78
1825,141883.03
1826,102413.85
1827,106248.2
1828,142192.02
1829,114859.766
1830,140131.11
1831,153512.47
1832,99762.07
1833,129139.93
1834,116506.336
1835,129604.58
1836,137616.38
1837,76183.73
1838,120320.625
1839,101818.82
1840,144920.06
1841,133305.78
1842,92463.04
1843,133094.78
1844,137715.5
1845,145335.56
1846,144169.34
1847,192833.05
1848,60707.254
1849,118007.46
1850,122781.9
1851,148814.19
1852,141332.3
1853,135006.5
1854,157349.55
1855,146391.23
1856,215206.08
1857,177601.5
1858,145014.36
1859,123107.266
1860,159875.62
1861,121019.625
1862,309708.7
1863,300145.0
1864,298992.25
1865,320503.75
1866,330895.66
1867,234749.75
1868,293514.12
1869,203682.83
1870,215195.2
1871,252584.39
1872,177907.81
1873,224942.3
1874,154356.44
1875,192222.36
1876,201438.12
1877,199285.81
1878,213007.8
1879,133339.98
1880,139401.33
1881,241851.62
1882,241269.02
1883,188867.55
1884,210621.36
1885,199196.7
1886,281057.75
1887,180573.55
1888,254052.48
1889,171068.75
1890,126613.26
1891,137126.4
1892,104679.3
1893,132404.94
1894,130425.91
1895,138600.66
1896,124631.15
1897,107173.78
1898,106210.92
1899,150479.66
1900,150065.62
1901,173195.89
1902,159684.39
1903,203768.31
1904,147458.95
1905,216055.6
1906,166815.17
1907,217261.44
1908,113554.08
1909,137358.6
1910,122146.9
1911,236635.38
1912,269341.56
1913,154131.97
1914,53288.082
1915,301719.16
1916,73472.734
1917,251373.23
1918,134702.33
1919,159543.73
1920,154070.98
1921,438118.8
1922,300830.2
1923,217492.58
1924,224613.89
1925,206074.56
1926,395250.16
1927,127675.33
1928,152861.78
1929,119800.0
1930,145934.45
1931,142244.9
1932,132654.69
1933,164749.73
1934,184367.72
1935,173010.17
1936,194109.66
1937,195686.02
1938,173332.88
1939,241954.05
1940,182639.05
1941,181097.14
1942,188719.73
1943,194787.27
1944,358752.22
1945,411741.34
1946,161682.47
1947,328612.22
1948,186565.19
1949,234202.8
1950,164248.66
1951,264669.88
1952,201717.45
1953,170970.08
1954,178527.33
1955,134047.88
1956,285621.84
1957,163184.61
1958,298234.72
1959,132610.92
1960,113368.4
1961,121225.24
1962,94245.1
1963,102903.375
1964,109239.266
1965,148201.5
1966,142248.84
1967,276824.12
1968,466063.9
1969,407388.62
1970,521634.0
1971,438450.28
1972,343184.38
1973,266046.78
1974,339856.06
1975,506590.8
1976,270214.53
1977,373910.97
1978,438593.3
1979,362222.75
1980,198814.66
1981,370400.88
1982,214420.64
1983,207719.55
1984,175021.86
1985,224604.47
1986,219390.39
1987,177162.69
1988,179779.86
1989,190005.36
1990,222125.8
1991,235335.92
1992,212130.81
1993,164669.94
1994,236814.62
1995,186106.0
1996,251582.84
1997,331740.56
1998,333912.88
1999,264634.53
2000,313224.7
2001,270261.7
2002,248285.23
2003,266456.1
2004,263063.12
2005,204718.47
2006,214101.47
2007,268411.53
2008,217057.03
2009,202780.61
2010,198153.84
2011,143857.98
2012,173297.5
2013,183650.33
2014,187827.0
2015,198193.9
2016,203297.03
2017,189660.84
2018,127510.2
2019,133202.2
2020,103706.51
2021,116663.99
2022,194889.47
2023,142715.88
2024,254802.98
2025,400953.7
2026,183890.61
2027,162936.89
2028,143653.16
2029,178679.61
2030,248548.67
2031,211489.47
2032,236760.44
2033,235289.23
2034,158614.81
2035,211433.61
2036,180725.67
2037,180725.67
2038,231881.0
2039,196827.73
2040,278573.88
2041,231236.39
2042,203678.17
2043,180150.92
2044,166929.9
2045,213460.67
2046,156009.23
2047,137181.61
2048,139013.53
2049,136218.45
2050,181606.66
2051,107950.414
2052,129794.945
2053,151719.34
2054,76602.13
2055,156541.14
2056,146636.73
2057,120697.24
2058,228177.83
2059,137796.83
2060,178437.97
2061,177000.39
2062,135693.72
2063,112462.12
2064,136023.86
2065,112927.38
2066,170979.05
2067,107546.58
2068,141978.33
2069,85160.64
2070,114409.45
2071,87768.07
2072,135769.58
2073,133790.39
2074,175661.14
2075,150801.75
2076,123667.266
2077,147226.67
2078,124883.74
2079,128789.41
2080,112870.2
2081,123344.19
2082,122795.72
2083,149859.83
2084,116155.87
2085,128108.31
2086,120264.64
2087,117355.18
2088,102424.695
2089,82868.37
2090,135014.98
2091,112200.195
2092,129036.766
2093,117638.23
2094,100755.6
2095,139352.4
2096,80290.414
2097,107245.45
2098,151990.75
2099,52346.76
2100,87090.94
2101,123124.53
2102,123508.27
2103,108379.54
2104,129779.35
2105,138391.05
2106,66897.16
2107,192348.7
2108,118362.73
2109,112950.0
2110,119527.37
2111,131183.23
2112,143867.17
2113,114835.77
2114,112996.65
2115,154242.25
2116,108956.47
2117,152466.92
2118,118744.88
2119,106784.56
2120,109964.04
2121,91252.9
2122,92711.42
2123,89000.375
2124,144248.42
2125,139223.69
2126,160978.58
2127,161642.39
2128,124623.54
2129,104785.48
2130,139742.22
2131,167843.97
2132,116693.484
2133,113934.94
2134,122866.0
2135,94689.08
2136,81995.68
2137,112469.95
2138,131055.57
2139,146187.0
2140,139355.08
2141,143000.34
2142,131218.16
2143,136433.48
2144,99755.31
2145,134986.53
2146,161511.4
2147,149859.27
2148,140175.88
2149,143230.86
2150,237369.05
2151,106804.73
2152,161930.45
2153,158937.19
2154,102347.75
2155,129247.0
2156,269512.2
2157,219688.33
2158,227200.9
2159,201220.78
2160,169674.34
2161,237600.75
2162,333235.94
2163,316993.1
2164,234812.89
2165,209020.75
2166,149341.94
2167,208728.12
2168,199868.61
2169,191605.56
2170,216094.12
2171,156478.02
2172,142940.34
2173,192625.34
2174,236436.64
2175,298965.72
2176,284594.88
2177,256236.33
2178,189190.42
2179,143007.84
2180,234286.78
2181,184944.8
2182,237458.72
2183,190917.0
2184,127118.51
2185,122205.625
2186,126889.11
2187,148084.1
2188,148685.81
2189,250467.27
2190,80153.31
2191,80959.2
2192,89363.805
2193,101165.484
2194,99934.33
2195,106746.07
2196,101932.305
2197,104969.21
2198,143275.12
2199,157961.62
2200,154809.92
2201,160543.47
2202,191721.64
2203,169368.47
2204,201089.75
2205,125154.03
2206,135000.83
2207,199375.73
2208,246444.94
2209,235929.17
2210,123886.36
2211,110503.664
2212,121159.016
2213,103431.914
2214,136260.55
2215,102045.62
2216,177059.98
2217,71465.07
2218,64414.996
2219,60586.836
2220,50011.645
2221,301093.1
2222,276088.03
2223,275402.44
2224,205217.31
2225,122987.1
2226,181802.81
2227,207303.17
2228,253271.11
2229,226778.56
2230,171095.02
2231,216241.11
2232,211625.25
2233,194325.62
2234,227210.22
2235,249701.44
2236,255378.56
2237,345031.62
2238,182647.92
2239,109347.35
2240,161142.61
2241,172000.06
2242,125708.36
2243,123021.48
2244,104979.73
2245,97529.91
2246,144250.77
2247,111517.45
2248,118649.68
2249,125207.875
2250,129721.93
2251,133700.72
2252,168321.02
2253,154169.02
2254,177564.92
2255,189728.86
2256,174723.0
2257,225342.95
2258,164111.19
2259,181887.27
2260,164326.06
2261,192634.17
2262,195133.47
2263,337978.84
2264,494833.9
2265,179515.69
2266,291130.56
2267,359665.16
2268,398523.03
2269,150731.02
2270,179572.02
2271,214073.08
2272,193773.05
2273,173703.06
2274,178564.8
2275,178307.83
2276,185272.1
2277,195451.58
2278,141122.6
2279,133538.38
2280,116438.24
2281,164725.39
2282,176311.5
2283,102354.195
2284,112577.266
2285,137757.92
2286,120240.33
2287,350640.28
2288,256031.14
2289,403455.34
2290,471959.03
2291,323816.34
2292,417489.3
2293,409724.06
2294,505903.3
2295,444705.12
2296,285804.12
2297,293604.28
2298,319779.53
2299,410627.28
2300,353164.34
2301,286814.97
2302,244008.06
2303,255536.44
2304,233207.19
2305,188811.9
2306,188021.64
2307,204202.14
2308,235872.25
2309,270486.03
2310,204740.14
2311,190509.6
2312,183372.77
2313,185557.31
2314,176984.36
2315,181413.81
2316,183836.08
2317,185616.08
2318,182690.95
2319,173392.56
2320,189153.44
2321,230740.08
2322,165378.14
2323,176278.22
2324,156182.52
2325,208022.06
2326,161073.94
2327,206046.66
2328,230873.69
2329,197006.89
2330,192485.42
2331,360838.1
2332,424252.72
2333,324985.16
2334,274866.9
2335,265863.4
2336,311033.56
2337,193392.92
2338,261823.45
2339,230685.73
2340,371423.84
2341,210583.2
2342,232505.67
2343,231268.81
2344,225446.98
2345,233559.52
2346,208699.27
2347,197792.1
2348,226098.1
2349,190894.06
2350,289883.28
2351,256280.31
2352,254776.0
2353,293782.12
2354,141990.64
2355,138111.0
2356,162003.2
2357,185897.22
2358,203435.52
2359,139816.06
2360,115598.89
2361,139110.61
2362,276155.16
2363,147043.69
2364,150628.12
2365,202301.0
2366,185013.25
2367,219942.4
2368,207713.61
2369,216375.81
2370,171960.36
2371,176693.61
2372,186766.36
2373,244138.17
2374,285569.28
2375,224227.36
2376,275804.3
2377,329484.6
2378,153197.6
2379,188664.67
2380,144002.66
2381,162344.84
2382,201566.31
2383,213318.02
2384,239625.8
2385,169216.39
2386,140605.12
2387,136768.81
2388,99931.664
2389,122437.89
2390,154841.52
2391,144118.48
2392,114643.625
2393,157277.83
2394,146663.03
2395,204825.28
2396,147749.06
2397,203632.14
2398,128585.44
2399,53025.938
2400,55776.71
2401,113101.016
2402,137468.02
2403,143806.14
2404,150047.03
2405,158887.03
2406,143715.1
2407,128008.78
2408,152595.08
2409,135032.89
2410,153686.94
2411,117365.25
2412,155936.8
2413,141539.89
2414,129761.52
2415,136169.34
2416,128647.99
2417,132747.33
2418,125577.27
2419,137349.3
2420,125015.055
2421,147980.19
2422,117312.1
2423,125474.08
2424,157426.1
2425,228258.34
2426,127283.37
2427,144033.28
2428,159757.5
2429,122618.77
2430,126160.055
2431,108690.58
2432,142923.58
2433,142988.2
2434,135045.25
2435,144557.6
2436,103159.04
2437,118573.21
2438,132104.38
2439,112779.72
2440,123434.2
2441,85650.73
2442,96707.26
2443,119656.13
2444,129267.71
2445,87256.96
2446,121410.94
2447,162083.88
2448,138327.7
2449,111021.05
2450,146025.22
2451,120250.99
2452,193401.22
2453,88332.02
2454,112687.04
2455,113980.69
2456,128694.26
2457,125216.59
2458,118466.51
2459,107524.12
2460,127917.984
2461,119398.164
2462,134376.44
2463,124775.52
2464,175271.25
2465,129469.43
2466,111745.92
2467,119698.24
2468,81687.69
2469,83099.695
2470,179974.9
2471,193236.03
2472,154407.39
2473,111046.36
2474,88306.164
2475,201053.12
2476,119469.36
2477,125021.375
2478,144691.8
2479,105005.16
2480,134646.08
2481,120512.64
2482,124429.25
2483,118153.07
2484,123979.61
2485,121494.22
2486,149049.97
2487,202417.38
2488,147056.45
2489,148278.97
2490,142619.12
2491,86098.21
2492,193084.78
2493,139313.61
2494,140925.16
2495,86017.04
2496,249364.7
2497,148225.11
2498,113850.22
2499,86775.89
2500,128604.445
2501,140387.66
2502,135177.97
2503,89615.31
2504,196911.1
2505,219561.61
2506,250357.89
2507,269566.94
2508,249356.86
2509,227174.03
2510,216149.98
2511,174973.12
2512,194969.4
2513,210281.38
2514,238358.78
2515,152956.42
2516,171089.62
2517,146639.53
2518,164627.7
2519,222374.42
2520,207842.2
2521,183506.06
2522,213135.0
2523,128575.5
2524,143689.61
2525,139228.34
2526,140606.06
2527,123038.37
2528,132763.14
2529,153058.7
2530,124276.15
2531,252034.33
2532,226620.3
2533,193505.27
2534,212042.03
2535,303252.7
2536,243826.39
2537,208812.14
2538,175126.22
2539,187519.88
2540,178516.95
2541,183219.81
2542,179467.75
2543,130054.16
2544,123063.836
2545,135138.14
2546,133280.98
2547,139107.56
2548,153270.22
2549,148635.62
2550,299014.2
2551,137105.34
2552,132196.5
2553,76698.4
2554,101525.51
2555,117589.44
2556,102653.42
2557,112367.02
2558,149348.62
2559,147845.77
2560,163330.34
2561,146151.03
2562,151252.14
2563,167606.44
2564,191859.0
2565,152738.2
2566,164866.2
2567,129892.52
2568,198439.4
2569,208994.23
2570,119000.63
2571,207353.19
2572,141225.73
2573,212490.22
2574,278348.44
2575,137568.22
2576,126625.21
2577,175771.58
2578,85918.984
2579,65937.11
2580,119838.85
2581,101478.08
2582,109966.875
2583,268071.8
2584,161644.23
2585,194754.58
2586,186898.2
2587,166418.88
2588,128941.555
2589,144134.28
2590,222898.02
2591,260200.73
2592,227341.78
2593,270909.66
2594,174786.34
2595,198899.81
2596,329126.9
2597,202415.62
2598,284456.22
2599,328755.16
2600,154645.39
2601,142105.11
2602,83965.0
2603,93014.664
2604,88509.52
2605,78212.2
2606,151336.69
2607,179505.92
2608,193311.78
2609,157700.78
2610,114276.305
2611,128896.06
2612,150487.4
2613,126407.19
2614,128320.586
2615,157734.77
2616,139838.61
2617,176710.28
2618,161207.48
2619,179204.53
2620,186025.44
2621,184196.72
2622,189565.55
2623,232977.11
2624,351604.0
2625,338164.88
2626,178011.34
2627,179259.06
2628,440717.84
2629,486905.34
2630,351569.8
2631,498871.94
2632,413965.12
2633,299160.53
2634,380517.44
2635,155785.78
2636,186031.3
2637,168042.42
2638,246681.25
2639,184811.16
2640,157158.78
2641,101581.39
2642,192683.78
2643,99999.92
2644,121602.016
2645,103532.28
2646,97883.9
2647,103142.22
2648,140941.02
2649,147621.61
2650,136463.81
2651,143278.95
2652,437286.06
2653,243594.66
2654,242027.9
2655,364545.66
2656,291774.3
2657,309961.34
2658,303062.72
2659,288349.16
2660,358960.97
2661,315954.53
2662,334500.62
2663,290653.12
2664,272924.3
2665,341697.16
2666,286626.84
2667,166299.25
2668,179049.08
2669,181682.53
2670,268672.75
2671,182092.6
2672,181529.08
2673,195686.39
2674,199305.77
2675,172348.0
2676,189262.78
2677,204596.67
2678,265075.53
2679,271125.22
2680,298334.84
2681,414585.0
2682,340056.12
2683,520135.28
2684,315542.3
2685,348122.3
2686,256519.2
2687,316123.03
2688,203409.31
2689,196141.34
2690,416775.25
2691,195017.94
2692,149835.11
2693,188527.08
2694,127914.445
2695,190806.7
2696,184575.84
2697,197835.3
2698,182520.3
2699,172380.05
2700,170907.8
2701,149488.42
2702,118534.66
2703,123991.08
2704,135160.83
2705,123313.016
2706,118437.93
2707,130971.73
2708,129990.3
2709,110336.016
2710,120409.48
2711,317092.56
2712,414986.9
2713,185260.61
2714,151167.34
2715,174422.67
2716,141707.5
2717,182066.38
2718,229465.55
2719,173046.14
2720,176331.34
2721,142134.39
2722,156239.72
2723,136584.89
2724,132201.28
2725,134715.31
2726,144573.17
2727,169701.22
2728,167207.94
2729,155880.3
2730,144573.44
2731,116450.016
2732,129912.47
2733,163532.19
2734,166536.52
2735,138822.5
2736,146753.7
2737,120107.96
2738,139695.58
2739,160371.61
2740,134837.03
2741,137190.11
2742,150085.1
2743,144562.4
2744,151630.11
2745,140039.05
2746,135885.89
2747,148267.1
2748,117639.914
2749,124220.22
2750,137230.67
2751,134132.14
2752,163341.88
2753,151330.05
2754,228980.25
2755,128865.21
2756,78347.03
2757,74675.13
2758,78068.305
2759,142483.72
2760,118171.44
2761,144474.48
2762,148437.02
2763,180713.1
2764,143200.14
2765,279510.34
2766,137419.27
2767,86175.34
2768,125125.27
2769,133070.67
2770,134059.77
2771,114463.586
2772,120511.375
2773,161297.6
2774,145617.89
2775,120069.25
2776,127359.87
2777,150463.6
2778,94453.05
2779,126038.836
2780,93968.68
2781,92969.516
2782,100168.77
2783,98254.45
2784,125752.96
2785,138406.61
2786,60178.434
2787,119619.62
2788,76916.69
2789,179599.6
2790,95357.96
2791,117551.65
2792,57958.555
2793,180006.16
2794,86875.92
2795,116873.57
2796,95791.734
2797,190006.44
2798,98061.71
2799,115887.766
2800,74390.734
2801,107439.55
2802,132302.56
2803,155985.58
2804,140860.27
2805,95278.69
2806,91020.836
2807,143281.55
2808,154555.3
2809,128799.6
2810,139275.62
2811,153663.92
2812,150768.67
2813,156780.64
2814,156710.69
2815,95009.016
2816,240383.4
2817,159455.36
2818,124012.6
2819,167123.77
2820,129642.78
2821,102386.9
2822,199246.67
2823,332110.28
2824,189213.52
2825,147208.14
2826,127892.125
2827,127638.32
2828,216077.42
2829,185664.06
2830,230237.8
2831,182811.9
2832,249774.31
2833,277914.75
2834,197268.6
2835,227836.0
2836,196943.39
2837,135907.67
2838,165936.47
2839,191949.4
2840,204681.19
2841,197578.12
2842,219605.38
2843,147768.94
2844,158284.94
2845,123567.414
2846,204509.28
2847,211872.23
2848,182294.14
2849,199490.23
2850,271244.2
2851,200027.27
2852,250674.69
2853,228296.45
2854,146211.25
2855,187384.55
2856,192618.73
2857,189541.86
2858,184100.66
2859,122197.234
2860,122762.46
2861,125519.56
2862,176677.77
2863,128302.59
2864,233148.92
2865,135715.98
2866,133824.47
2867,82868.53
2868,91763.08
2869,101989.87
2870,109133.68
2871,85982.59
2872,48168.586
2873,105356.14
2874,133059.62
2875,101661.34
2876,153058.27
2877,138898.25
2878,161067.17
2879,134371.81
2880,91723.62
2881,166550.19
2882,180939.34
2883,182037.38
2884,213934.3
2885,192493.86
2886,244957.02
2887,92013.01
2888,137360.83
2889,60942.418
2890,85711.11
2891,145463.27
2892,42887.047
2893,75152.52
2894,39959.2
2895,308892.22
2896,273961.7
2897,203230.94
2898,141560.81
2899,186946.52
2900,151644.56
2901,223500.2
2902,191618.55
2903,352504.8
2904,341432.3
2905,89096.43
2906,183196.39
2907,109131.805
2908,135386.84
2909,147167.02
2910,82915.805
2911,83650.33
2912,152177.7
2913,82722.29
2914,79640.734
2915,83316.734
2916,81985.516
2917,142893.19
2918,125130.76
2919,208919.9
