Id,SalePrice
1461,133492.8
1462,152873.88
1463,202678.14
1464,199144.08
1465,184437.53
1466,184454.42
1467,185034.61
1468,170136.8
1469,173490.16
1470,112916.72
1471,175767.72
1472,97895.664
1473,91549.71
1474,145423.19
1475,124974.055
1476,403146.88
1477,238318.55
1478,309421.72
1479,307326.34
1480,487246.3
1481,342640.84
1482,201055.05
1483,172055.34
1484,170549.92
1485,167171.11
1486,190501.05
1487,361381.53
1488,246018.48
1489,206507.77
1490,230092.94
1491,190161.44
1492,104220.984
1493,195969.33
1494,297462.94
1495,279380.84
1496,261564.89
1497,189976.73
1498,166162.28
1499,159576.0
1500,161807.56
1501,177406.83
1502,154853.33
1503,276518.3
1504,226015.31
1505,240659.36
1506,202556.02
1507,260413.73
1508,205691.88
1509,173670.92
1510,149108.83
1511,149937.31
1512,163505.98
1513,136525.5
1514,132774.55
1515,189055.33
1516,143906.14
1517,158129.39
1518,135287.6
1519,206310.53
1520,134584.33
1521,141740.48
1522,160839.39
1523,113871.61
1524,123146.13
1525,118269.75
1526,108588.94
1527,105819.65
1528,132183.14
1529,149251.95
1530,160796.14
1531,121836.62
1532,97463.055
1533,142232.16
1534,117958.85
1535,149031.06
1536,115843.016
1537,71682.82
1538,143652.61
1539,170846.2
1540,99943.48
1541,136136.75
1542,138127.72
1543,204239.33
1544,73070.73
1545,99153.03
1546,134176.53
1547,135991.42
1548,135057.48
1549,118059.92
1550,140684.66
1551,115725.85
1552,142506.56
1553,151875.98
1554,124060.27
1555,185434.19
1556,103738.95
1557,101997.26
1558,88898.33
1559,79807.7
1560,127536.48
1561,153694.55
1562,129002.93
1563,111860.12
1564,155653.31
1565,148936.72
1566,217926.31
1567,74330.03
1568,248815.02
1569,145140.53
1570,142398.02
1571,116195.305
1572,145779.62
1573,211057.28
1574,112557.4
1575,189557.05
1576,231755.2
1577,199157.95
1578,147035.42
1579,135787.7
1580,193625.62
1581,159515.89
1582,136347.5
1583,292215.7
1584,227313.38
1585,143608.64
1586,77271.0
1587,101351.19
1588,157522.95
1589,82057.72
1590,134004.28
1591,98561.25
1592,106401.625
1593,118686.914
1594,122306.36
1595,126134.67
1596,231598.77
1597,198480.28
1598,199646.11
1599,156516.66
1600,155110.36
1601,60334.625
1602,122599.72
1603,85078.41
1604,266479.75
1605,206898.67
1606,160127.55
1607,150609.31
1608,230278.2
1609,194767.77
1610,171203.89
1611,139432.58
1612,175319.06
1613,165906.72
1614,130230.77
1615,93823.164
1616,80655.18
1617,87292.836
1618,126479.42
1619,138246.73
1620,172428.88
1621,131399.73
1622,143765.4
1623,213218.16
1624,212985.66
1625,113814.72
1626,160910.58
1627,192255.9
1628,259308.2
1629,179646.7
1630,340958.22
1631,210518.94
1632,233024.44
1633,172311.67
1634,192909.56
1635,179856.34
1636,163614.1
1637,206080.45
1638,190720.83
1639,183588.34
1640,252529.95
1641,193954.6
1642,234963.2
1643,216188.73
1644,221666.38
1645,204338.5
1646,163135.45
1647,157752.67
1648,144595.1
1649,137019.61
1650,109585.06
1651,121824.07
1652,94332.15
1653,98029.82
1654,152790.06
1655,143146.61
1656,140485.83
1657,148303.72
1658,145901.05
1659,126911.62
1660,143476.95
1661,448142.97
1662,403523.06
1663,401801.56
1664,481667.53
1665,310735.88
1666,305757.34
1667,410581.06
1668,345326.9
1669,301489.62
1670,354523.25
1671,271572.66
1672,412238.75
1673,300435.97
1674,255240.75
1675,200220.22
1676,202983.19
1677,219333.08
1678,428402.66
1679,406120.16
1680,374127.47
1681,225132.88
1682,316666.44
1683,182491.22
1684,172534.64
1685,179898.2
1686,176517.94
1687,156957.02
1688,188904.66
1689,193610.86
1690,188592.53
1691,171639.39
1692,270367.38
1693,167266.16
1694,182848.36
1695,165404.64
1696,287148.6
1697,172163.67
1698,415415.72
1699,302619.12
1700,241115.83
1701,272367.1
1702,259889.75
1703,277216.97
1704,271133.22
1705,231720.94
1706,454915.53
1707,210291.8
1708,208336.75
1709,283754.47
1710,217137.56
1711,256363.67
1712,280662.7
1713,288597.3
1714,236947.92
1715,205962.77
1716,184086.42
1717,168377.84
1718,147920.94
1719,196097.39
1720,214999.92
1721,169675.81
1722,135822.92
1723,161784.27
1724,208516.44
1725,235730.12
1726,195725.95
1727,161510.64
1728,176562.55
1729,168069.02
1730,159342.72
1731,121443.48
1732,124161.36
1733,119874.86
1734,118251.26
1735,130242.945
1736,116235.76
1737,296171.6
1738,210465.75
1739,297789.38
1740,268653.03
1741,200110.64
1742,176186.61
1743,174180.14
1744,293632.0
1745,210237.05
1746,162319.92
1747,221331.36
1748,235926.92
1749,168928.73
1750,130153.79
1751,230473.97
1752,120287.695
1753,156276.38
1754,198993.9
1755,166850.17
1756,126721.62
1757,120526.086
1758,154288.45
1759,147665.67
1760,166262.14
1761,132051.47
1762,185786.8
1763,172145.78
1764,121757.17
1765,151512.44
1766,164324.81
1767,206731.61
1768,144833.02
1769,157767.72
1770,134897.73
1771,130445.44
1772,140424.08
1773,134649.42
1774,133506.16
1775,136992.95
1776,122281.64
1777,105430.21
1778,135587.9
1779,127255.82
1780,158959.33
1781,137355.45
1782,88863.57
1783,148226.52
1784,106686.63
1785,108437.74
1786,163597.23
1787,160051.98
1788,52491.39
1789,104745.61
1790,83270.82
1791,190338.7
1792,147768.38
1793,125671.44
1794,149432.27
1795,136342.56
1796,136199.1
1797,101320.836
1798,128919.55
1799,114117.95
1800,131133.2
1801,121369.95
1802,139090.19
1803,149563.72
1804,139848.34
1805,136551.81
1806,118607.25
1807,117936.36
1808,114892.41
1809,119873.6
1810,148461.94
1811,94297.16
1812,101805.33
1813,120699.77
1814,94483.86
1815,60979.1
1816,96288.71
1817,115825.67
1818,144726.7
1819,130201.71
1820,55011.758
1821,109522.164
1822,157066.33
1823,40941.137
1824,125365.234
1825,138468.94
1826,107796.41
1827,103583.94
1828,139711.03
1829,118822.25
1830,135801.81
1831,144181.86
1832,102119.22
1833,126902.54
1834,119276.62
1835,131636.53
1836,139746.48
1837,78060.34
1838,120655.695
1839,100680.195
1840,152731.36
1841,137940.53
1842,91749.78
1843,126459.04
1844,138703.39
1845,146286.56
1846,143764.03
1847,173757.73
1848,62165.402
1849,111961.72
1850,122931.64
1851,146814.88
1852,141257.25
1853,132284.66
1854,157187.11
1855,146449.47
1856,209404.23
1857,167003.0
1858,141106.31
1859,123642.15
1860,156078.44
1861,120083.68
1862,294190.34
1863,276596.9
1864,279636.2
1865,318555.3
1866,317092.84
1867,222041.08
1868,301595.72
1869,197460.02
1870,220458.16
1871,253889.23
1872,177534.1
1873,221596.84
1874,154509.77
1875,191012.61
1876,202419.11
1877,197065.52
1878,218302.19
1879,135585.97
1880,139965.89
1881,235148.6
1882,243373.14
1883,189744.61
1884,208058.97
1885,205123.2
1886,274998.53
1887,190309.84
1888,246430.6
1889,165538.78
1890,124437.68
1891,141028.83
1892,104754.1
1893,129861.805
1894,129416.1
1895,143165.05
1896,126436.24
1897,117353.73
1898,110631.57
1899,146767.56
1900,147060.38
1901,169924.55
1902,157023.8
1903,202273.98
1904,152579.66
1905,210696.89
1906,136510.92
1907,204938.22
1908,114399.85
1909,138926.6
1910,125003.13
1911,232048.02
1912,329636.4
1913,167843.97
1914,52470.016
1915,309347.7
1916,75424.29
1917,246197.81
1918,137711.42
1919,157763.5
1920,157878.5
1921,448864.97
1922,299105.47
1923,214944.16
1924,236738.98
1925,210634.81
1926,406563.47
1927,128747.66
1928,148504.56
1929,116487.445
1930,144775.58
1931,144252.95
1932,140398.38
1933,170823.55
1934,185478.23
1935,172306.25
1936,191712.67
1937,195726.7
1938,176278.89
1939,249478.17
1940,181619.81
1941,184067.64
1942,185150.39
1943,196659.05
1944,358152.62
1945,397591.44
1946,155156.52
1947,318996.44
1948,173420.17
1949,226805.6
1950,168882.17
1951,240804.45
1952,199320.6
1953,161618.48
1954,189329.58
1955,132574.12
1956,262044.78
1957,160157.33
1958,294419.66
1959,134266.78
1960,113396.08
1961,122373.1
1962,93734.18
1963,101905.766
1964,106847.516
1965,148709.06
1966,141351.17
1967,277206.12
1968,417794.4
1969,393726.1
1970,494735.78
1971,453528.06
1972,353299.4
1973,266133.6
1974,342766.7
1975,451666.84
1976,265596.8
1977,353730.94
1978,439492.7
1979,352470.84
1980,194734.52
1981,369615.38
1982,213651.3
1983,208965.34
1984,176607.17
1985,223746.52
1986,217834.47
1987,176265.61
1988,177655.7
1989,185394.4
1990,222337.73
1991,256122.23
1992,209871.86
1993,172422.3
1994,231488.8
1995,185933.39
1996,251299.17
1997,326864.72
1998,319407.1
1999,266154.9
2000,310814.12
2001,265324.16
2002,260610.75
2003,264273.12
2004,274988.03
2005,216516.8
2006,223640.92
2007,270711.56
2008,220209.38
2009,201774.02
2010,195582.66
2011,144863.0
2012,173884.22
2013,183275.73
2014,187300.92
2015,196070.1
2016,201390.5
2017,191454.69
2018,129473.26
2019,128215.99
2020,104769.484
2021,116711.84
2022,194146.88
2023,141212.66
2024,252623.17
2025,403279.16
2026,189029.55
2027,165529.62
2028,148027.48
2029,174728.17
2030,254963.17
2031,216781.27
2032,242215.17
2033,245215.52
2034,151920.89
2035,208553.03
2036,179414.88
2037,179414.88
2038,246239.14
2039,193999.17
2040,276817.78
2041,264957.5
2042,207560.14
2043,176244.6
2044,179382.7
2045,206052.34
2046,150649.39
2047,136723.69
2048,138023.03
2049,142041.16
2050,180005.47
2051,110125.98
2052,134396.69
2053,151285.89
2054,80779.12
2055,144145.56
2056,140560.75
2057,120655.01
2058,228734.48
2059,142295.52
2060,176300.73
2061,178592.39
2062,137717.73
2063,115548.96
2064,137121.17
2065,115031.98
2066,164220.47
2067,115406.68
2068,140702.78
2069,83471.1
2070,114874.99
2071,85784.875
2072,135411.52
2073,135966.27
2074,172985.1
2075,153972.12
2076,119418.78
2077,146832.66
2078,126012.76
2079,127379.06
2080,117777.99
2081,124823.73
2082,122813.05
2083,152487.28
2084,119376.42
2085,132065.31
2086,127136.45
2087,119796.914
2088,96875.44
2089,83918.88
2090,132369.33
2091,120802.61
2092,129805.47
2093,122745.484
2094,109644.234
2095,133075.88
2096,78957.53
2097,107299.37
2098,142877.38
2099,55305.08
2100,85618.46
2101,125013.03
2102,118229.72
2103,114695.79
2104,131863.58
2105,140794.05
2106,75848.22
2107,189474.45
2108,116322.7
2109,114167.59
2110,113008.51
2111,128455.88
2112,136374.56
2113,118076.92
2114,116389.51
2115,154741.12
2116,110150.66
2117,154694.36
2118,116878.48
2119,104447.25
2120,119405.914
2121,96205.18
2122,95341.59
2123,91802.12
2124,150783.78
2125,136453.78
2126,154517.58
2127,152920.53
2128,123698.88
2129,102937.13
2130,138538.55
2131,157766.66
2132,118755.07
2133,116108.016
2134,124671.21
2135,98440.54
2136,75414.15
2137,110751.805
2138,131361.14
2139,144757.22
2140,138386.81
2141,148651.06
2142,130632.805
2143,137615.19
2144,95768.805
2145,133928.9
2146,156032.14
2147,138405.16
2148,137901.33
2149,143719.89
2150,219887.45
2151,103904.8
2152,160944.03
2153,155039.97
2154,102256.43
2155,125861.305
2156,265995.03
2157,219811.34
2158,219855.8
2159,202817.75
2160,165037.05
2161,235124.81
2162,372711.9
2163,331202.53
2164,224030.28
2165,212792.98
2166,147232.7
2167,208065.12
2168,202315.86
2169,193159.94
2170,216193.69
2171,159648.3
2172,138039.1
2173,195320.02
2174,238512.05
2175,285648.28
2176,294999.5
2177,249104.9
2178,191477.7
2179,144542.97
2180,227315.55
2181,186024.56
2182,224625.45
2183,190285.34
2184,121407.58
2185,121995.79
2186,131397.1
2187,152719.27
2188,150733.45
2189,225357.78
2190,83202.07
2191,87030.83
2192,91155.83
2193,93213.22
2194,102333.41
2195,107885.58
2196,104023.77
2197,106645.336
2198,139962.95
2199,161436.25
2200,154805.78
2201,158129.23
2202,202571.1
2203,165003.67
2204,189429.45
2205,127057.914
2206,133699.7
2207,192212.28
2208,254480.0
2209,241072.14
2210,119146.33
2211,109629.38
2212,120047.836
2213,108503.23
2214,141876.67
2215,109866.13
2216,172559.33
2217,67671.914
2218,65908.44
2219,67069.695
2220,57927.72
2221,313187.38
2222,279223.7
2223,278644.3
2224,197553.44
2225,128486.76
2226,187945.8
2227,214863.4
2228,265804.1
2229,229216.86
2230,171437.69
2231,214516.56
2232,217526.39
2233,196639.17
2234,234761.84
2235,252836.23
2236,267180.03
2237,345680.12
2238,188079.92
2239,111028.14
2240,162019.73
2241,166295.45
2242,127591.22
2243,126489.8
2244,109019.36
2245,101362.69
2246,139640.83
2247,113710.89
2248,121339.17
2249,122579.375
2250,131550.69
2251,147069.22
2252,170924.42
2253,154639.05
2254,186397.12
2255,192239.22
2256,174565.78
2257,230506.5
2258,164681.4
2259,185507.25
2260,160292.4
2261,194532.75
2262,194483.4
2263,357862.06
2264,455680.6
2265,166226.31
2266,290275.28
2267,345714.75
2268,394949.1
2269,156079.92
2270,179359.61
2271,209920.9
2272,189313.33
2273,172445.66
2274,179523.05
2275,179031.16
2276,181145.67
2277,191618.36
2278,143374.1
2279,130986.72
2280,116735.22
2281,165034.52
2282,171858.72
2283,105185.266
2284,113177.19
2285,134449.38
2286,121956.36
2287,356198.1
2288,260411.0
2289,371928.6
2290,437351.97
2291,323960.9
2292,431171.34
2293,436599.34
2294,503398.78
2295,445044.94
2296,318702.4
2297,297525.1
2298,317437.47
2299,437816.0
2300,342611.12
2301,286146.4
2302,242784.31
2303,244725.84
2304,227844.9
2305,195350.02
2306,192876.81
2307,204396.78
2308,241602.89
2309,278678.3
2310,209327.16
2311,185651.66
2312,185589.7
2313,184312.86
2314,168661.34
2315,179783.81
2316,181256.44
2317,182834.58
2318,180094.4
2319,171177.11
2320,180809.98
2321,233346.67
2322,172803.06
2323,174519.84
2324,165221.14
2325,205404.5
2326,160896.0
2327,209789.22
2328,233275.48
2329,196877.48
2330,189963.5
2331,371637.88
2332,436572.28
2333,311950.0
2334,277850.34
2335,275600.56
2336,322566.2
2337,196372.88
2338,270182.84
2339,234224.69
2340,366306.97
2341,212769.84
2342,233435.48
2343,240243.16
2344,234000.97
2345,234297.06
2346,215868.98
2347,197525.75
2348,223637.3
2349,191201.8
2350,289247.6
2351,258003.3
2352,262316.8
2353,288619.06
2354,144474.06
2355,135927.62
2356,159023.77
2357,187746.6
2358,201325.97
2359,134805.92
2360,117280.664
2361,138174.89
2362,291434.75
2363,146424.89
2364,160343.62
2365,210477.39
2366,188080.64
2367,221102.88
2368,216535.8
2369,218284.9
2370,170412.38
2371,175881.9
2372,189118.98
2373,249412.27
2374,288397.84
2375,224144.4
2376,279124.1
2377,311248.1
2378,155949.73
2379,198896.77
2380,145271.81
2381,166735.64
2382,196870.53
2383,210255.7
2384,247022.84
2385,158801.6
2386,140029.7
2387,137517.72
2388,101104.14
2389,122830.15
2390,147410.02
2391,141678.31
2392,116951.95
2393,156784.67
2394,145128.08
2395,204754.2
2396,150319.73
2397,196568.48
2398,125766.76
2399,52734.293
2400,53880.87
2401,112817.586
2402,135269.53
2403,142604.44
2404,148801.12
2405,159437.56
2406,143023.39
2407,127668.39
2408,149515.8
2409,136795.69
2410,160453.31
2411,117015.21
2412,153823.16
2413,139968.02
2414,133383.73
2415,136203.77
2416,129169.0
2417,132436.5
2418,125113.94
2419,140855.03
2420,128788.67
2421,154687.28
2422,121198.65
2423,125758.12
2424,158828.7
2425,211956.7
2426,130273.375
2427,135944.75
2428,151831.23
2429,122151.914
2430,125905.0
2431,112785.95
2432,141692.1
2433,145422.9
2434,134565.08
2435,144817.55
2436,107019.45
2437,117668.98
2438,133481.2
2439,112587.25
2440,123275.51
2441,82290.55
2442,101061.44
2443,121658.51
2444,128210.0
2445,81369.76
2446,127008.484
2447,161557.78
2448,139992.98
2449,115281.49
2450,144219.81
2451,122070.05
2452,193421.5
2453,89402.08
2454,113587.33
2455,115245.0
2456,127327.805
2457,125305.83
2458,110835.07
2459,108182.09
2460,126165.11
2461,118607.59
2462,139692.9
2463,120175.21
2464,181438.03
2465,131156.84
2466,114143.42
2467,118177.98
2468,87863.04
2469,86792.86
2470,174071.88
2471,185267.69
2472,166930.23
2473,111749.65
2474,95582.305
2475,210146.05
2476,117228.555
2477,122165.08
2478,145231.5
2479,103983.01
2480,133467.97
2481,125123.0
2482,133582.58
2483,118776.7
2484,123453.27
2485,123502.03
2486,148407.3
2487,190862.94
2488,145400.58
2489,148190.2
2490,140903.12
2491,89606.85
2492,185686.19
2493,137613.62
2494,142878.33
2495,87451.99
2496,257660.53
2497,145385.33
2498,116190.32
2499,87490.28
2500,129244.414
2501,136266.39
2502,136586.45
2503,78599.836
2504,189821.7
2505,222308.06
2506,247387.31
2507,275009.03
2508,248337.33
2509,223164.31
2510,212473.39
2511,174564.95
2512,197880.02
2513,211336.25
2514,211685.2
2515,151049.47
2516,171454.36
2517,146113.67
2518,170407.98
2519,217568.72
2520,205106.19
2521,184319.19
2522,212895.69
2523,125245.734
2524,141521.4
2525,136176.11
2526,140229.62
2527,124339.336
2528,131995.69
2529,148364.84
2530,124590.86
2531,245533.53
2532,227400.77
2533,191772.11
2534,211536.67
2535,307913.7
2536,239786.05
2537,197860.58
2538,176122.94
2539,189115.73
2540,178164.88
2541,184045.0
2542,178760.56
2543,123983.75
2544,119307.56
2545,132332.47
2546,140696.88
2547,135388.4
2548,145007.86
2549,143603.72
2550,408368.84
2551,140973.55
2552,123689.33
2553,83213.58
2554,102991.05
2555,108781.01
2556,99486.92
2557,103300.91
2558,137056.06
2559,145904.95
2560,156471.6
2561,146014.22
2562,149498.97
2563,166010.06
2564,186331.55
2565,145338.89
2566,157866.45
2567,126730.805
2568,212728.66
2569,212979.36
2570,116970.586
2571,208730.92
2572,139022.02
2573,207221.73
2574,286607.7
2575,138180.83
2576,133079.94
2577,164511.56
2578,87198.4
2579,70117.02
2580,114073.016
2581,113713.49
2582,97552.79
2583,258436.7
2584,159904.44
2585,192405.58
2586,179211.03
2587,166460.94
2588,127516.41
2589,144354.25
2590,233043.56
2591,238765.56
2592,239636.77
2593,249071.17
2594,181941.75
2595,206663.8
2596,317018.16
2597,213057.17
2598,299717.94
2599,347999.5
2600,153140.77
2601,140925.83
2602,82791.984
2603,94296.17
2604,90939.88
2605,77495.57
2606,153715.08
2607,176335.22
2608,202460.42
2609,158685.33
2610,108980.375
2611,125400.266
2612,149007.89
2613,131581.69
2614,128642.836
2615,154040.42
2616,135804.4
2617,180345.17
2618,168138.44
2619,194455.95
2620,186484.25
2621,184625.48
2622,188905.02
2623,220423.05
2624,361122.1
2625,333974.34
2626,177869.14
2627,176747.53
2628,483499.72
2629,481995.62
2630,327112.0
2631,489834.9
2632,430528.72
2633,283479.66
2634,379308.03
2635,157577.2
2636,186920.84
2637,175718.11
2638,247617.45
2639,184360.86
2640,156381.48
2641,101641.57
2642,182983.38
2643,100942.664
2644,120177.05
2645,104945.89
2646,96657.0
2647,100434.41
2648,143833.84
2649,145180.4
2650,137290.75
2651,145548.06
2652,418313.1
2653,248554.84
2654,245864.39
2655,360159.78
2656,295571.16
2657,320329.25
2658,302383.12
2659,291533.44
2660,374528.38
2661,314774.06
2662,323267.72
2663,285264.97
2664,276646.5
2665,340565.0
2666,291433.34
2667,162212.69
2668,178902.81
2669,181789.3
2670,269915.5
2671,181158.11
2672,185565.81
2673,198743.75
2674,198963.55
2675,171004.16
2676,187922.67
2677,202894.94
2678,255626.12
2679,268128.8
2680,297976.6
2681,428158.4
2682,329654.3
2683,542009.2
2684,316214.1
2685,369270.47
2686,256953.56
2687,335501.25
2688,206984.52
2689,200099.0
2690,449640.88
2691,196143.6
2692,143646.31
2693,187750.0
2694,134985.12
2695,188968.1
2696,182417.62
2697,197441.0
2698,189691.77
2699,166272.14
2700,169904.61
2701,158150.5
2702,119331.57
2703,128788.055
2704,134677.67
2705,121628.93
2706,118801.06
2707,130534.17
2708,129242.32
2709,103767.945
2710,121345.305
2711,282440.47
2712,395651.4
2713,181407.23
2714,150918.86
2715,173308.58
2716,147118.45
2717,187567.81
2718,235284.98
2719,170012.39
2720,169656.06
2721,142486.17
2722,159382.84
2723,136702.56
2724,132023.77
2725,135827.2
2726,144725.47
2727,169259.8
2728,166572.73
2729,152764.42
2730,143230.31
2731,117615.01
2732,130500.81
2733,160579.14
2734,164704.33
2735,135359.34
2736,151007.4
2737,122725.125
2738,140225.22
2739,158274.53
2740,140390.2
2741,140053.75
2742,151010.14
2743,146658.98
2744,150845.62
2745,135102.31
2746,140420.47
2747,147997.97
2748,116508.664
2749,127106.63
2750,136740.12
2751,134037.12
2752,171574.42
2753,158152.9
2754,250944.73
2755,130466.34
2756,85064.21
2757,75167.07
2758,84445.945
2759,133417.95
2760,128031.98
2761,147437.02
2762,148823.7
2763,172534.98
2764,133846.3
2765,265899.4
2766,131700.58
2767,88013.58
2768,124854.086
2769,132567.92
2770,130987.97
2771,114092.6
2772,115767.36
2773,166866.25
2774,143218.7
2775,113250.18
2776,130467.71
2777,136824.25
2778,96701.72
2779,126005.42
2780,90063.76
2781,90394.1
2782,102876.98
2783,101834.266
2784,126822.93
2785,138305.28
2786,57430.395
2787,119731.01
2788,80521.69
2789,180485.06
2790,94279.805
2791,118443.24
2792,59998.61
2793,174295.12
2794,93993.77
2795,119774.07
2796,95217.555
2797,194680.11
2798,95971.14
2799,112158.9
2800,77128.46
2801,106821.945
2802,128272.87
2803,145482.42
2804,126774.08
2805,100071.664
2806,82571.04
2807,141691.97
2808,148013.5
2809,133514.19
2810,135885.25
2811,159955.69
2812,153970.22
2813,149036.31
2814,146337.5
2815,100735.33
2816,256548.33
2817,160992.84
2818,127790.32
2819,161826.1
2820,130046.47
2821,103714.22
2822,196983.78
2823,264199.78
2824,185333.77
2825,148919.95
2826,129317.77
2827,129550.086
2828,218735.23
2829,188513.23
2830,230004.95
2831,185056.31
2832,243935.23
2833,276621.97
2834,201251.48
2835,224930.28
2836,190886.97
2837,125801.305
2838,162812.78
2839,188849.55
2840,199239.83
2841,195933.64
2842,218509.44
2843,151516.48
2844,155216.45
2845,124276.03
2846,201201.2
2847,212932.23
2848,178809.67
2849,198423.5
2850,272861.84
2851,210861.73
2852,244863.81
2853,232948.45
2854,144391.28
2855,181903.58
2856,192851.98
2857,188098.75
2858,182544.84
2859,118756.55
2860,122837.53
2861,134012.72
2862,175612.23
2863,122610.48
2864,236139.19
2865,141021.83
2866,133438.31
2867,92596.555
2868,97994.4
2869,103957.83
2870,111873.45
2871,98532.68
2872,47642.094
2873,108154.96
2874,129323.08
2875,109513.5
2876,143516.64
2877,135509.31
2878,169940.75
2879,123700.766
2880,96092.766
2881,158469.52
2882,172332.38
2883,186424.16
2884,209126.62
2885,191777.95
2886,238748.48
2887,91964.32
2888,135760.77
2889,64115.355
2890,83900.32
2891,142823.98
2892,41993.63
2893,67250.38
2894,44078.008
2895,286779.12
2896,275113.7
2897,201082.47
2898,142587.03
2899,188533.02
2900,154580.95
2901,211070.56
2902,190888.6
2903,363947.47
2904,347743.06
2905,89736.586
2906,186161.2
2907,111218.69
2908,132763.27
2909,144162.61
2910,81505.445
2911,82575.055
2912,149847.11
2913,82531.05
2914,80152.39
2915,84318.16
2916,82757.016
2917,148865.3
2918,123640.15
2919,212416.67
