0,11.884495917930655
1,11.678448377988165
2,12.37581963951765
3,12.007017865994577
4,11.775297421715827
5,12.016732516077072
6,11.813037464800539
7,12.659737267217572
8,11.782960235741939
9,12.10625783509458
10,11.92504173829169
11,11.326607934898927
12,11.440365524765756
13,12.299112067295642
14,11.921725007667265
15,12.144202560946876
16,11.751950239425476
17,12.07824495582233
18,12.312686874960354
19,11.685693195625964
20,11.58989576532275
21,12.206077645517674
22,11.326607934898927
23,12.388398368982115
24,11.686887175419702
25,11.775297421715827
26,12.235636302128867
27,12.73596827534975
28,11.931642378754141
29,11.751950239425476
30,11.767575435251748
31,12.359784657728284
32,12.345838935721968
33,11.813037464800539
34,11.686887175419702
35,11.573559498507079
36,12.591338447675579
37,11.95655945119582
38,11.440365524765756
39,11.775297421715827
40,11.373674891823535
41,11.849404844423074
42,11.04106411122238
43,11.992266613576142
44,11.813037464800539
45,11.856522261533737
46,11.794345471549745
47,11.51293546492023
48,11.908346971208951
49,11.904974309480183
50,12.225880174775122
51,11.835016210489899
52,11.7085004721646
53,12.660331092405906
54,12.271396795480596
55,12.103491596905931
56,12.278397958261774
57,12.235393555399902
58,11.87757552297847
59,12.560247968016562
60,11.264476926102367
61,11.350418300109132
62,11.798111925972618
63,11.775297421715827
64,11.767575435251748
65,12.20557752297723
66,12.45293662970407
67,12.237091546357338
68,12.513193308436527
69,11.695255355062795
70,12.700771936142122
71,12.560247968016562
72,11.951186847493476
73,11.626263078808801
74,11.834291315386718
75,12.509877789891931
76,12.066816325306588
77,12.73670383776449
78,11.635151947212842
79,12.013706813470414
80,12.141539457711714
81,12.154784614286667
82,11.686887175419702
83,11.941462360646149
84,11.51293546492023
85,12.29779001527865
86,11.571203807011969
87,12.004574385508691
88,12.278397958261774
89,12.42250975887691
90,12.396697137361691
91,11.652696102959753
92,11.904974309480183
93,12.669809806411457
94,12.354496960983985
95,11.782960235741939
96,12.429220196836383
97,11.548302261270587
98,11.957617696467539
99,12.841132451487937
100,11.931642378754141
101,12.273735966890268
102,12.546871224308068
103,12.421188057397055
104,11.884495917930655
105,12.339295865674435
106,11.898194668458823
107,11.608244735642321
108,11.58989576532275
109,11.944064817531656
110,11.916395250412128
111,11.964007453736912
112,11.59451466851004
113,11.891368749982085
114,11.37940550085183
115,12.84132849667433
116,11.790564777297387
117,12.081081821061819
118,12.433212202169729
119,12.676079399771027
120,11.992266613576142
121,12.377927112974284
122,12.093693109638318
123,12.211065162153215
124,12.299112067295642
125,11.927687224983487
126,11.970356641102999
127,12.206782393599413
128,11.827743504053695
129,12.556733038263905
130,12.317171167298682
131,11.48247656671073
132,12.47717172708952
133,11.908346971208951
134,11.652696102959753
135,12.182809136284991
136,12.075400019877522
137,11.51293546492023
138,12.827731880206521
139,11.51293546492023
140,11.767575435251748
141,12.301387370778713
142,11.767575435251748
143,12.230770136157428
144,12.577639650232573
145,11.917730355182513
146,11.813037464800539
147,12.173037959397275
148,12.016732516077072
149,12.049424683420915
150,11.58989576532275
151,11.456365695436427
152,12.066816325306588
153,12.692506186542177
154,11.507922973347437
155,11.402005077384885
156,12.371591321286905
157,11.767187766223199
158,11.982935344196433
159,10.471978128496518
160,11.320565693461432
161,12.154784614286667
162,12.011886987792716
163,12.962196972666593
164,12.206077645517674
165,12.445093483000798
166,11.736077016252437
167,12.001511614739405
168,12.308182383129823
169,12.799178471909892
170,11.744045122410057
171,11.635151947212842
172,11.385103457032141
173,11.951186847493476
174,11.599112335481124
175,11.78676973513378
176,12.352339472153524
177,12.345838935721968
178,12.535379989788607
179,11.774527900858468
180,11.898194668458823
181,11.619544188752133
182,11.626263078808801
183,11.648338835562747
184,11.976665770490767
185,12.676079399771027
186,10.579005242826247
187,12.02874460037869
188,11.674202123168433
189,12.058158312538197
190,12.193498926601634
191,12.160033942617156
192,12.141539457711714
193,11.870606902224587
194,12.025755079404917
195,12.246739428005663
196,12.319405795112926
197,12.123239799036943
198,11.755879486687116
199,11.827743504053695
200,12.10625783509458
201,12.33270970174018
202,11.49273296168228
203,11.283524879179666
204,12.188422799337028
205,12.504327379899443
206,11.532737896139919
207,12.813920618864572
208,12.47801017053037
209,11.863589378812122
210,11.51293546492023
211,11.849404844423074
212,11.560772327227417
213,11.755879486687116
214,11.976665770490767
215,11.982935344196433
216,12.628070334272698
217,12.098854850641
218,12.06105265381003
219,12.988043102265232
220,12.448630513463613
221,11.87757552297847
222,12.07254696717504
223,12.691583538230217
224,12.049424683420915
225,11.349241150793087
226,11.74006900564972
227,11.51293546492023
228,11.951186847493476
229,12.490879338036375
230,12.407383590534293
231,11.735276702486741
232,11.759793355371237
233,12.323860125621126
234,12.675766851909591
235,11.608244735642321
236,12.095146671399466
237,12.09815887308463
238,12.097378802727306
239,11.938199736300925
240,12.765691290604371
241,11.626263078808801
242,12.358798024384122
243,12.560247968016562
244,12.277932735946903
245,11.794345471549745
246,12.08954444723597
247,11.608244735642321
248,11.995357787034976
249,11.989165855127435
250,11.794345471549745
251,12.54254845357358
252,12.08954444723597
253,11.976665770490767
254,11.970356641102999
255,11.58525542883217
256,12.614868865984631
257,12.404927602627597
258,12.132969552931216
259,11.635151947212842
260,12.727841176689147
261,11.813037464800539
262,12.524530013005734
263,11.652696102959753
264,11.560772327227417
265,12.367345048436391
266,12.310437165348775
267,11.682676678340282
268,11.813037464800539
269,11.736077016252437
270,11.626263078808801
271,12.013706813470414
272,12.28765724080691
273,12.991755706536901
274,11.951186847493476
275,11.951186847493476
276,13.534474352733596
277,12.220966184120165
278,12.09626335986454
279,12.07254696717504
280,11.728044909070785
281,11.979805470779858
282,11.867805799560465
283,11.842236406331555
284,11.320565693461432
285,12.506180941677357
286,12.185875040240456
287,12.54254845357358
288,11.951186847493476
289,11.51293546492023
290,11.901590234400047
291,12.230770136157428
292,12.777055016970678
293,11.732069026983156
294,11.751950239425476
295,12.037659911047468
296,12.959540872420414
297,11.786008995353765
298,11.951186847493476
299,12.348010479804223
300,11.691080018519527
301,11.87757552297847
302,11.522885696764481
303,11.686887175419702
304,12.328294703023394
305,12.359527368950229
306,12.323860125621126
307,12.384223015005313
308,11.998439434579149
309,11.445727410406752
310,12.175618592671356
311,11.790564777297387
312,12.141539457711714
313,11.635151947212842
314,11.917730355182513
315,11.724813914587886
316,12.013706813470414
317,11.373674891823535
318,11.816734299348461
319,12.367345048436391
320,12.691583538230217
321,11.884495917930655
322,12.264346270624157
323,12.442306148381938
324,11.19135563385109
325,12.90669432231532
326,11.751950239425476
327,12.100717685412471
328,12.027191164883384
329,11.898194668458823
330,11.993813394724253
331,11.884495917930655
332,12.001511614739405
333,12.279327754099118
334,11.575909653758895
335,11.608244735642321
336,11.678448377988165
337,12.506180941677357
338,11.751950239425476
339,11.813037464800539
340,11.824087219587643
341,11.661354090741
342,11.74006900564972
343,12.040614105490253
344,11.80186424743109
345,11.835016210489899
346,12.400820837540556
347,12.691583538230217
348,11.461642696843066
349,12.249615734512616
350,12.206577518060588
351,12.531776395271262
352,11.842236406331555
353,11.289794413577894
354,12.118339189722553
355,12.644330802262578
356,12.485830907348902
357,12.128116509451258
358,11.60733523953139
359,11.630717389475995
360,11.58989576532275
361,12.634606283893019
362,12.28765724080691
363,11.711784520403112
364,11.941462360646149
365,11.870606902224587
366,12.111767460549332
367,12.672949516558306
368,12.128116509451258
369,11.635151947212842
370,12.384223015005313
371,12.388398368982115
372,11.884495917930655
373,12.861001210669146
374,12.013706813470414
375,11.898194668458823
376,12.323860125621126
377,12.017336559562407
378,12.832013750189885
379,12.354496960983985
380,12.141539457711714
381,11.112462823634855
382,11.759793355371237
383,12.276069679344003
384,12.524166311833152
385,11.995357787034976
386,11.91170829631447
387,11.60733523953139
388,11.951186847493476
389,11.941950837487406
390,12.54254845357358
391,11.603688960617083
392,11.995357787034976
393,12.09626335986454
394,12.437188334739655
395,12.230770136157428
396,12.07254696717504
397,10.97679912709094
398,11.904974309480183
399,12.07254696717504
400,11.277215789596893
401,12.058158312538197
402,11.68658461118553
403,12.097936057925594
404,12.387560521575551
405,11.362114203075018
406,12.06105265381003
407,11.608244735642321
408,12.178192583415596
409,11.495789479023493
410,12.057578437658945
411,12.352339472153524
412,11.904974309480183
413,11.350418300109132
414,11.908346971208951
415,11.744045122410057
416,11.648338835562747
417,12.278397958261774
418,11.849404844423074
419,11.277215789596893
420,11.571203807011969
421,12.206077645517674
422,12.278397958261774
423,12.386312871189734
424,11.561725152903833
425,12.111217862017215
426,11.133142723386813
427,12.336556900342153
428,11.626263078808801
429,11.314486721293981
430,12.716405147731708
431,11.302216779257382
432,11.681832447342321
433,12.469978029554953
434,11.842236406331555
435,11.982935344196433
436,12.721888795877375
437,11.561725152903833
438,11.745433036677353
439,12.688501881189456
440,11.813037464800539
441,12.429220196836383
442,11.87757552297847
443,11.884495917930655
444,12.180759965737863
445,11.751950239425476
446,12.179220327453931
447,12.468440756144114
448,11.97603664577121
449,12.146858590895919
450,12.278397958261774
451,11.296024885689746
452,12.001511614739405
453,11.813037464800539
454,12.02874460037869
455,12.468440756144114
456,11.289794413577894
457,11.790564777297387
458,11.982935344196433
459,11.944714374881176
460,11.856522261533737
461,12.037659911047468
462,12.596403811053621
463,11.863589378812122
464,11.83138646878959
465,12.095146671399466
466,11.849047640327147
467,11.59433032142082
468,12.693501691489768
469,12.264346270624157
470,12.524420916542532
471,12.138869243416009
472,11.824087219587643
473,11.848690308590857
474,11.002116507732017
475,11.841423131921784
476,12.175618592671356
477,12.185875040240456
478,12.524530013005734
479,12.357079818283598
480,12.103491596905931
481,11.856522261533737
482,12.083910661257521
483,12.301387370778713
484,11.736077016252437
485,12.283038316285214
486,12.415437707935368
487,11.608244735642321
488,12.384223015005313
489,11.459007676978688
490,11.779136168550774
491,11.951186847493476
492,11.874097282798648
493,11.890683588496984
494,12.06105265381003
495,13.02132904585825
496,11.87757552297847
497,12.428019481065613
498,12.190964083849375
499,12.278397958261774
500,12.441148720271016
501,12.904209855160254
502,11.87757552297847
503,12.154784614286667
504,12.100717685412471
505,12.524530013005734
506,11.804855999911272
507,13.05301544288996
508,12.10625783509458
509,12.491255347155265
510,12.180759965737863
511,12.083910661257521
512,11.86710429621008
513,11.856522261533737
514,11.969723533345908
515,12.666660207428574
516,11.951186847493476
517,11.917730355182513
518,12.70351207261035
519,12.106997888588934
520,13.275829251377
521,11.813037464800539
522,11.724004532183379
523,12.47801017053037
524,11.864469267087891
525,12.387089184491993
526,11.964007453736912
527,11.487617913343598
528,12.154784614286667
529,11.608244735642321
530,11.827013315851762
531,12.404927602627597
532,11.83138646878959
533,12.487488878546145
534,12.936754021718041
535,12.429220196836383
536,11.88380602959621
537,12.013706813470414
538,12.071975378543236
539,12.484208043148733
540,11.719134432217524
541,12.30592250537653
542,11.842236406331555
543,12.119975396053194
544,12.388398368982115
545,12.649157827477366
546,12.85832230788469
547,11.951186847493476
548,11.775297421715827
549,12.328294703023394
550,11.362114203075018
551,12.394628892852941
552,12.676079399771027
553,11.820417517632333
554,11.401681006153428
555,12.031725210748633
556,12.450981602512561
557,11.86710429621008
558,12.644330802262578
559,13.323928581764989
560,11.827743504053695
561,11.792456911128632
562,11.134603622683905
563,12.100717685412471
564,12.861001210669146
565,11.849404844423074
566,11.794345471549745
567,12.429220196836383
568,11.842236406331555
569,12.06105265381003
570,11.803361242493628
571,12.468440756144114
572,12.392556361841777
573,11.289794413577894
574,11.652696102959753
575,12.75130259456002
576,11.661354090741
577,11.973516181427835
578,12.404927602627597
579,12.28690580994122
580,12.208574513247495
581,11.648373769145277
582,11.918397239722838
583,11.840796531639839
584,12.174994689959313
585,11.872353615355413
586,11.691080018519527
587,11.477308649967686
588,12.739640688812674
589,11.898194668458823
590,12.08954444723597
591,11.83138646878959
592,11.532737896139919
593,12.19552218463499
594,12.230770136157428
595,12.491255347155265
596,11.736077016252437
597,12.429220196836383
598,11.385103457032141
599,11.686887175419702
600,11.946660519211651
601,12.43153750053306
602,12.421188057397055
603,12.08954444723597
604,11.711784520403112
605,11.407576060361786
606,11.635151947212842
607,11.824087219587643
608,12.144202560946876
609,11.767575435251748
610,11.78676973513378
611,12.06105265381003
612,11.849404844423074
613,12.345838935721968
614,11.608244735642321
615,12.631016799175821
616,11.849404844423074
617,12.367345048436391
618,11.763691965388299
619,12.533579815765737
620,11.951186847493476
621,11.385103457032141
622,11.777218637129327
623,11.870606902224587
624,12.128116509451258
625,11.530775206233024
626,11.794345471549745
627,12.175618592671356
628,11.694421681264394
629,12.149507585033072
630,12.154784614286667
631,12.3879816172226
632,11.775297421715827
633,11.695255355062795
634,11.845109950883979
635,12.154784614286667
636,12.526346537332584
637,12.07254696717504
638,12.317171167298682
639,13.229569788348705
640,12.411056299528171
641,11.91170829631447
642,11.19822841866684
643,11.695255355062795
644,12.116700301832573
645,11.956976469393481
646,11.87757552297847
647,12.759960632315702
648,12.031725210748633
649,11.963574241653713
650,12.885673487343764
651,12.12215284831553
652,12.154521423145216
653,11.989165855127435
654,11.674202123168433
655,11.891368749982085
656,11.715874472198905
657,12.242891437918386
658,12.165255859329688
659,11.771443882099637
660,11.542493975902508
661,11.884495917930655
662,13.195615697878253
663,12.128116509451258
664,12.137263685701864
665,12.034696963475044
666,12.429220196836383
667,12.524530013005734
668,11.699413330633599
669,12.127575825689417
670,12.694655727828803
671,11.957617696467539
672,12.337105293891872
673,11.418625774449596
674,11.732069026983156
675,11.373674891823535
676,12.100161978566867
677,12.165255859329688
678,12.429220196836383
679,11.808821212646512
680,11.612779849672751
681,12.456835254920371
682,11.8879382384223
683,12.301387370778713
684,12.328294703023394
685,12.013706813470414
686,12.554840409959793
687,11.808955099378537
688,11.790564777297387
689,11.849404844423074
690,12.994532278619134
691,12.20557752297723
692,12.319405795112926
693,11.779136168550774
694,12.464587201678082
695,12.33270970174018
696,11.755879486687116
697,11.652696102959753
698,12.178192583415596
699,10.932999821119937
700,11.831022768939789
701,11.51293546492023
702,12.273735966890268
703,12.577639650232573
704,12.466515835145202
705,12.154784614286667
706,12.384223015005313
707,11.751950239425476
708,12.242891437918386
709,12.335700805443338
710,11.561725152903833
711,11.728044909070785
712,12.367345048436391
713,11.874097282798648
714,11.561725152903833
715,11.849404844423074
716,12.41044511731981
717,12.552930054797935
718,11.884495917930655
719,11.355113089309977
720,12.509877789891931
721,13.126032637428713
722,12.971542813248437
723,12.721888795877375
724,11.775297421715827
725,12.055255569732177
726,11.87757552297847
727,11.695255355062795
728,11.849404844423074
729,11.630717389475995
730,11.87583791515714
731,11.944714374881176
732,12.343470927093518
733,11.891368749982085
734,12.520887034998584
735,12.285350445351659
736,11.78676973513378
737,12.149507585033072
738,12.081081821061819
739,12.864242696187505
740,12.239995696974733
741,12.206077645517674
742,12.292254928916668
743,12.660331092405906
744,12.00762780434872
745,12.468440756144114
746,12.07254696717504
747,11.928347504569842
748,12.0075668272517
749,11.982935344196433
750,12.345838935721968
751,11.418625774449596
752,11.979391594635791
753,11.695255355062795
754,12.491176396967154
755,11.849404844423074
756,12.000897933306716
757,11.969723533345908
758,11.970356641102999
759,11.886218559372042
760,12.271349956195543
761,12.016732516077072
762,12.066816325306588
763,11.711784520403112
764,11.870606902224587
765,12.198549416880068
766,12.323860125621126
767,11.652696102959753
768,11.580593459194764
769,11.424105180165641
770,11.288543647320601
771,12.031725210748633
772,11.429554725537322
773,11.288543647320601
774,11.344518647594766
775,11.811554895830454
776,12.128116509451258
777,12.367345048436391
778,11.603688960617083
779,12.474193386571581
780,12.25486757159303
781,12.176654133447505
782,12.080696479888447
783,11.884495917930655
784,12.058158312538197
785,12.149507585033072
786,11.849404844423074
787,11.719947764402807
788,12.218500103788143
789,11.477308649967686
790,11.910365121788654
791,12.211065162153215
792,11.964007453736912
793,11.418625774449596
794,11.982935344196433
795,11.682676678340282
796,12.66191713053049
797,11.798111925972618
798,11.350418300109132
799,12.577639650232573
800,12.493133274926212
801,11.931642378754141
802,12.652362948153474
803,11.846543632608535
804,12.103491596905931
805,12.301387370778713
806,12.242891437918386
807,11.835016210489899
808,11.944714374881176
809,11.898194668458823
810,12.45254592991672
811,12.065280672855897
812,11.58525542883217
813,11.356283350762888
814,11.849404844423074
815,12.080996832096167
816,11.849404844423074
817,11.759793355371237
818,11.719947764402807
819,12.019749091416921
820,11.59873612138334
821,11.736077016252437
822,11.688566422839942
823,12.394628892852941
824,11.89478753335453
825,12.154784614286667
826,11.816734299348461
827,12.388398368982115
828,12.193498926601634
829,12.013706813470414
830,12.049424683420915
831,12.013646205940514
832,11.944064817531656
833,12.083910661257521
834,11.915058360753719
835,11.751950239425476
836,12.206077645517674
837,11.544433821905134
838,11.421917019425596
839,12.242891437918386
840,12.623064399210183
841,12.059809113551397
842,11.002116507732017
843,12.058158312538197
844,11.967187086434018
845,12.660331092405906
846,12.100161978566867
847,12.128116509451258
848,11.732069026983156
849,12.240478903153711
850,11.842236406331555
851,11.798111925972618
852,12.33270970174018
853,11.682676678340282
854,12.885204569609956
855,12.010671928196443
856,12.149507585033072
857,12.310437165348775
858,12.74444728628135
859,11.652696102959753
860,11.798111925972618
861,12.014615485902027
862,11.979805470779858
863,12.887129532148373
864,11.451060699493427
865,10.542732775946709
866,11.580593459194764
867,11.580593459194764
868,11.849404844423074
869,12.75130259456002
870,11.80560254159177
871,12.00762780434872
872,12.312686874960354
873,11.58432477200052
874,11.924379271639218
875,12.160033942617156
876,12.567240979056246
877,12.574185427296195
878,12.034696963475044
879,11.678448377988165
880,11.002116507732017
881,11.767575435251748
882,11.898194668458823
883,11.373674891823535
884,11.870606902224587
885,12.843973993864076
886,11.58989576532275
887,11.870606902224587
888,11.982935344196433
889,11.967187086434018
890,10.915106645867503
891,12.847929163278053
892,11.719947764402807
893,12.479913113434042
894,11.83138646878959
895,12.215037342290755
896,11.950541482162043
897,11.661354090741
898,11.652696102959753
899,12.13270055639427
900,12.229549885708273
901,11.917730355182513
902,11.6172944892629
903,11.976665770490767
904,11.881041706925902
905,12.122696471358964
906,12.154784614286667
907,11.774527900858468
908,11.863589378812122
909,12.066816325306588
910,11.736077016252437
911,11.80932691294063
912,11.775297421715827
913,11.695255355062795
914,12.289958727201455
915,11.314486721293981
916,12.506180941677357
917,11.982935344196433
918,12.653961664405365
919,11.918397239722838
920,12.793862088206213
921,11.0186455364637
922,11.407576060361786
923,11.344518647594766
924,12.345838935721968
925,12.016128107502665
926,12.458778882573533
927,11.80560254159177
928,12.323415584358154
929,11.92504173829169
930,11.83863282480007
931,12.07254696717504
932,11.07443600653965
933,11.58989576532275
934,12.577639650232573
935,12.031725210748633
936,12.765691290604371
937,11.820123358887447
938,11.732069026983156
939,12.136191879981927
940,11.951186847493476
941,12.025755079404917
942,11.964007453736912
943,12.388398368982115
944,12.025755079404917
945,11.818577604251555
946,11.751950239425476
947,12.149507585033072
948,12.59473402514672
949,12.32163544049751
950,12.07824495582233
951,12.10625783509458
952,12.19552218463499
953,12.037659911047468
954,12.460718739865236
955,12.345838935721968
956,11.970356641102999
957,12.513561021741964
958,12.567554517655415
959,12.091789104493502
960,12.301387370778713
961,12.676079399771027
962,11.561725152903833
963,12.122696471358964
964,12.439875187430008
965,12.476103599529843
966,11.870606902224587
967,11.964007453736912
968,12.45293662970407
969,12.271396795480596
970,11.982278882874377
971,11.652696102959753
972,11.827743504053695
973,12.077676615757813
974,11.314486721293981
975,12.367345048436391
976,12.468440756144114
977,11.804855999911272
978,11.763691965388299
979,12.323415584358154
980,12.100717685412471
981,12.323860125621126
982,11.669937760751914
983,11.813037464800539
984,11.626263078808801
985,11.728044909070785
986,12.218500103788143
987,12.103491596905931
988,11.904974309480183
989,11.6617850286409
990,12.354496960983985
991,12.206077645517674
992,12.052344376474922
993,11.913719681428494
994,11.884495917930655
995,11.686887175419702
996,11.759793355371237
997,12.160033942617156
998,12.650351332641707
999,12.468440756144114
1000,12.025755079404917
1001,11.827743504053695
1002,12.049424683420915
1003,12.618185607609803
1004,13.521140839642674
1005,11.603688960617083
1006,11.884495917930655
1007,11.767575435251748
1008,12.147919030759663
1009,12.004574385508691
1010,11.794345471549745
1011,12.37581963951765
1012,12.04355959836804
1013,11.790564777297387
1014,11.566475710526321
1015,12.132162346145595
1016,12.149507585033072
1017,12.126764251515691
1018,11.104972264124868
1019,12.249615734512616
1020,13.22672519452875
1021,11.982935344196433
1022,12.820990681250251
1023,12.273735966890268
1024,12.660331092405906
1025,12.495007682693725
1026,12.396697137361691
1027,11.938199736300925
1028,11.669082701743504
1029,12.031129798974042
1030,12.100161978566867
1031,11.923384748066601
1032,11.771443882099637
1033,12.100161978566867
1034,11.54031687156214
1035,12.665397584983758
1036,10.915106645867503
1037,12.07824495582233
1038,11.608244735642321
1039,11.289794413577894
1040,12.04355959836804
1041,12.190964083849375
1042,12.524530013005734
1043,12.252483791602627
1044,12.083910661257521
1045,12.269052139516223
1046,12.631343648903034
1047,12.388398368982115
1048,11.87688084212164
1049,11.904974309480183
1050,12.10625783509458
1051,11.665655135642039
1052,11.92504173829169
1053,11.813037464800539
1054,12.521981322562505
1055,12.52815976788113
1056,11.83138646878959
1057,11.775297421715827
1058,12.270225154674701
1059,11.407576060361786
1060,12.138869243416009
1061,12.827995001361906
1062,11.813037464800539
1063,12.07824495582233
1064,11.774527900858468
1065,12.220473454337986
1066,11.652696102959753
1067,11.957617696467539
1068,12.02874460037869
1069,12.886643575525625
1070,12.367889578686164
1071,12.06105265381003
1072,12.122696471358964
1073,12.086731521684555
1074,11.332613886815139
1075,11.774527900858468
1076,12.07254696717504
1077,11.970356641102999
1078,12.04355959836804
1079,12.178192583415596
1080,11.775297421715827
1081,12.230770136157428
1082,12.850557278777309
1083,12.128116509451258
1084,12.367345048436391
1085,12.879019669789754
1086,13.008661502470739
1087,11.669937760751914
1088,12.278397958261774
1089,12.791358964949923
1090,11.571203807011969
1091,12.384223015005313
1092,12.167856627501678
1093,11.302216779257382
1094,11.884495917930655
1095,11.440365524765756
1096,11.914054519303125
1097,11.748005492256807
1098,11.350418300109132
1099,11.813037464800539
1100,11.87757552297847
1101,11.344518647594766
1102,12.154784614286667
1103,12.409017571151187
1104,12.384223015005313
1105,11.736077016252437
1106,12.339295865674435
1107,12.73670383776449
1108,12.100717685412471
1109,11.944714374881176
1110,12.618185607609803
1111,12.167856627501678
1112,11.320565693461432
1113,11.588969419043872
1114,11.570259974415547
1115,11.820417517632333
1116,11.39640288460621
1117,12.556733038263905
1118,12.208574513247495
1119,12.100717685412471
1120,12.6410997921206
1121,12.031129798974042
1122,11.761354623750297
1123,11.703554089007538
1124,11.849404844423074
1125,12.429220196836383
1126,12.04355959836804
1127,11.719947764402807
1128,11.915058360753719
1129,11.715874472198905
1130,12.345838935721968
1131,11.532737896139919
1132,11.824087219587643
1133,11.231901180182515
1134,11.707677772181546
1135,12.323860125621126
1136,12.535379989788607
1137,11.755879486687116
1138,12.094587859196112
1139,11.904974309480183
1140,11.766799946849087
1141,11.608244735642321
1142,11.798111925972618
1143,12.10625783509458
1144,11.445727410406752
1145,11.83138646878959
1146,12.019749091416921
1147,11.49273296168228
1148,11.511934974596555
1149,11.385103457032141
1150,12.25486757159303
1151,11.812296455066814
1152,12.07824495582233
1153,11.964007453736912
1154,12.154784614286667
1155,12.955129822091815
1156,12.337105293891872
1157,11.678448377988165
1158,11.995357787034976
1159,11.652696102959753
1160,12.04355959836804
1161,12.269052139516223
1162,11.849404844423074
1163,11.599185726610004
1164,11.918397239722838
1165,12.086731521684555
1166,12.07824495582233
1167,11.80560254159177
1168,11.682676678340282
1169,11.957617696467539
1170,12.00762780434872
1171,12.130815551850676
1172,12.08954444723597
1173,11.850832386224807
1174,11.896833207128452
1175,12.273735966890268
1176,12.075400019877522
1177,11.898194668458823
1178,12.000897933306716
1179,11.849404844423074
1180,12.190964083849375
1181,12.36308066783498
1182,12.225880174775122
1183,11.424105180165641
1184,11.856522261533737
1185,11.782960235741939
1186,11.790564777297387
1187,11.735276702486741
1188,11.362114203075018
1189,11.608244735642321
1190,12.154784614286667
1191,12.083910661257521
1192,11.91170829631447
1193,11.878630514504515
1194,11.947955847790901
1195,11.411457364027745
1196,11.699413330633599
1197,12.138869243416009
1198,11.951186847493476
1199,12.724869415131389
1200,11.80932691294063
1201,11.819681958463892
1202,11.686887175419702
1203,11.699413330633599
1204,11.763691965388299
1205,10.460270761075149
1206,12.616528611893463
1207,11.92504173829169
1208,11.755879486687116
1209,12.273735966890268
1210,12.268582547911404
1211,12.066816325306588
1212,12.454107814022272
1213,12.424810506025395
1214,12.264346270624157
1215,12.165984756488543
1216,11.498836682527127
1217,11.979805470779858
1218,10.859018228147887
1219,12.25486757159303
1220,12.058158312538197
1221,12.05467400868968
1222,12.601490784782536
1223,12.25486757159303
1224,11.960817678718287
1225,11.575909653758895
1226,11.845827048676645
1227,11.881041706925902
1228,12.066241450757124
1229,12.04355959836804
1230,11.461642696843066
1231,12.165255859329688
1232,12.531776395271262
1233,12.170450649220749
1234,12.19552218463499
1235,12.136191879981927
1236,11.763691965388299
1237,12.180759965737863
1238,11.931642378754141
1239,11.277215789596893
1240,11.91170829631447
1241,12.314931534737134
1242,11.870606902224587
1243,11.599112335481124
1244,12.546113507028412
1245,11.849404844423074
1246,12.2193145828011
1247,11.842236406331555
1248,12.066816325306588
1249,11.938199736300925
1250,11.225256725762893
1251,11.863589378812122
1252,11.827049837927534
1253,12.380030154325457
1254,11.767575435251748
1255,11.944714374881176
1256,12.230770136157428
1257,12.066816325306588
1258,12.07824495582233
1259,12.077676615757813
1260,12.06105265381003
1261,12.08954444723597
1262,11.849404844423074
1263,11.842236406331555
1264,12.069685751267224
1265,10.868587496017359
1266,11.820417517632333
1267,11.856522261533737
1268,11.813037464800539
1269,12.128116509451258
1270,12.588194064175278
1271,12.206077645517674
1272,12.165255859329688
1273,12.08954444723597
1274,11.669937760751914
1275,11.92504173829169
1276,12.063938642041201
1277,11.744045122410057
1278,12.449022745701502
1279,12.24769911637256
1280,11.842236406331555
1281,12.139403856983334
1282,12.040614105490253
1283,11.849404844423074
1284,11.678448377988165
1285,10.596659732783579
1286,11.87757552297847
1287,12.259618151783465
1288,12.043500773454495
1289,12.220966184120165
1290,12.513561021741964
1291,11.736077016252437
1292,12.299112067295642
1293,11.608244735642321
1294,12.242891437918386
1295,11.779136168550774
1296,11.112462823634855
1297,12.577639650232573
1298,11.813037464800539
1299,12.449022745701502
1300,12.075400019877522
1301,12.100717685412471
1302,11.870606902224587
1303,12.185875040240456
1304,12.10625783509458
1305,12.230282214644559
1306,12.345838935721968
1307,11.439289689006644
1308,11.86710429621008
1309,11.970356641102999
1310,12.013706813470414
1311,12.07824495582233
1312,11.48247656671073
1313,11.695255355062795
1314,11.245059091624615
1315,12.34148164933907
1316,12.086731521684555
1317,11.931642378754141
1318,12.505402864156405
1319,12.053801032483948
1320,11.693169865968983
1321,13.049794835104816
1322,12.36308066783498
1323,12.721888795877375
1324,11.608244735642321
1325,11.48247656671073
1326,11.691080018519527
1327,12.170450649220749
1328,12.563750586299374
1329,12.100717685412471
1330,12.540761149388421
1331,12.010671928196443
1332,11.798111925972618
1333,11.860062063178267
1334,12.165255859329688
1335,11.771443882099637
1336,11.728044909070785
1337,11.49273296168228
1338,12.04355959836804
1339,12.61087420020211
1340,11.74006900564972
1341,11.669937760751914
1342,12.209192772866418
1343,11.813037464800539
1344,11.759793355371237
1345,13.345508528717259
1346,11.918397239722838
1347,11.856522261533737
1348,12.133507329024972
1349,11.626263078808801
1350,12.100717685412471
1351,12.406565597924235
1352,12.25486757159303
1353,12.190964083849375
1354,11.51293546492023
1355,12.154784614286667
1356,12.122696471358964
1357,12.240478903153711
1358,12.049424683420915
1359,11.931642378754141
1360,11.728044909070785
1361,12.034696963475044
1362,12.498745990829315
1363,12.670001611311875
1364,12.30592250537653
1365,11.870278179170796
1366,11.612779849672751
1367,12.07254696717504
1368,11.652696102959753
1369,12.310437165348775
1370,11.678448377988165
1371,11.728044909070785
1372,12.34126328584159
1373,12.481565733211923
1374,13.091906231773164
1375,11.699413330633599
1376,11.302216779257382
1377,12.206077645517674
1378,12.211065162153215
1379,11.74006900564972
1380,11.898194668458823
1381,11.83863282480007
1382,11.940399914116648
1383,12.141539457711714
1384,12.929993908996359
1385,11.755879486687116
1386,12.90634935052389
1387,11.812296455066814
1388,12.144202560946876
1389,11.736077016252437
1390,12.100717685412471
1391,12.098493002763465
1392,12.160033942617156
1393,11.824087219587643
1394,12.331387247601905
1395,11.603688960617083
1396,12.117246896289503
1397,12.498745990829315
1398,12.823631142839984
1399,11.884495917930655
1400,12.218500103788143
1401,12.278397958261774
1402,12.54254845357358
1403,11.982935344196433
1404,11.842236406331555
1405,12.100161978566867
1406,13.07107218827772
1407,11.759793355371237
1408,11.759793355371237
1409,11.984184555794167
1410,12.567240979056246
1411,11.58525542883217
1412,11.338583982516495
1413,12.923914877701906
1414,11.711784520403112
1415,11.982935344196433
1416,11.982622797311857
1417,12.662709207270272
1418,12.128116509451258
1419,11.402005077384885
1420,12.142871895843887
1421,12.52352951631214
1422,11.900912042974875
1423,12.259618151783465
1424,12.04355959836804
1425,12.141539457711714
1426,12.188422799337028
1427,12.834683971615659
1428,12.371591321286905
1429,11.856522261533737
1430,12.373707715234994
1431,11.60733523953139
1432,11.552155793461898
1433,12.001511614739405
1434,12.729323752253295
1435,11.775297421715827
1436,11.982935344196433
1437,12.880294363972055
1438,11.691080018519527
1439,12.691583538230217
1440,12.669809806411457
1441,11.845109950883979
1442,12.042971193457888
1443,12.128116509451258
1444,12.269052139516223
1445,11.870606902224587
1446,11.23850177707664
1447,11.941462360646149
1448,12.109016442313738
1449,11.694421681264394
1450,12.170450649220749
1451,11.736077016252437
1452,12.373707715234994
1453,12.200562492481511
1454,11.884495917930655
1455,12.013100572810686
1456,12.095146671399466
1457,12.173037959397275
1458,11.771443882099637
1459,11.842236406331555
